1 22 18 32 40 29 4 11 39 26 9 14 35 15 23 30 25 5 -1
2 18 37 35 39 23 33 6 27 19 21 34 28 11 29 4 3 2 32 24 5 -1
3 10 20 24 3 23 14 4 2 22 37 1 39 29 9 -1
4 17 12 28 22 13 5 4 36 26 38 16 29 37 9 33 15 8 31 14 -1
5 34 11 30 40 25 16 26 39 23 37 13 18 21 31 24 5 38 -1
6 24 2 29 4 30 32 35 38 10 28 21 33 25 7 -1
7 23 4 8 14 29 11 9 37 27 22 39 5 35 21 15 33 28 38 -1
8 40 22 31 36 6 21 19 37 -1
9 36 5 14 31 33 4 32 37 38 7 1 -1
10 17 12 31 36 19 18 33 22 10 -1
11 23 9 7 40 4 10 37 31 8 12 22 14 38 36 24 11 28 21 13 -1
12 31 1 28 13 20 24 10 9 8 -1
13 14 21 36 26 18 9 -1
14 37 19 18 22 34 15 38 23 29 3 6 11 2 27 33 31 -1
15 19 35 40 39 6 12 22 17 38 29 3 11 13 14 5 20 -1
16 17 31 20 32 30 28 27 22 13 -1
17 25 21 18 26 33 4 24 35 12 32 2 8 34 14 37 6 7 29 17 -1
18 35 14 2 23 4 28 9 39 19 34 24 38 3 -1
19 7 11 30 23 14 5 2 24 10 -1
20 27 23 40 2 6 29 34 25 12 8 37 33 -1
21 17 19 36 23 16 4 12 31 21 -1
22 27 6 31 12 18 8 4 23 25 38 14 9 3 -1
23 8 11 32 34 28 31 10 17 21 38 24 7 39 33 1 19 14 22 2 -1
24 21 13 40 29 17 1 15 -1
25 21 32 31 40 8 26 38 14 5 20 36 25 -1
26 9 8 13 14 2 26 32 4 22 7 28 12 11 17 15 25 34 6 23 5 -1
27 17 12 34 37 21 15 36 -1
28 29 2 12 9 15 16 24 40 10 33 34 6 1 7 -1
29 19 31 30 25 7 38 36 20 22 28 14 -1
30 1 11 38 36 20 28 -1
31 18 30 29 36 15 16 12 37 17 28 7 5 32 9 3 11 -1
32 20 35 26 22 18 34 16 4 13 27 15 1 29 2 8 -1
33 29 30 16 40 21 28 11 26 31 39 24 -1
34 37 1 12 16 29 17 11 22 6 7 24 32 -1
35 6 17 27 33 15 19 14 20 37 18 1 5 -1
36 17 7 16 21 15 12 2 37 9 18 26 34 23 13 28 -1
37 11 29 22 13 28 2 30 35 12 37 34 36 38 -1
38 10 27 39 23 7 18 22 35 5 11 34 -1
39 36 33 12 34 11 14 37 -1
40 2 32 14 33 7 17 36 15 5 35 8 39 -1
-1
