1 18 98 73 82 30 100 2 48 34 46 67 60 43 92 28 47 96 63 42 16 59 11 27 33 58 -1
2 85 31 66 28 57 24 17 8 48 91 6 32 61 -1
3 19 55 64 1 31 71 14 47 76 93 46 16 86 13 67 53 15 79 92 83 2 32 56 98 48 33 40 36 -1
4 31 4 2 69 68 74 60 65 82 50 80 59 37 40 87 10 30 34 77 94 22 41 46 85 19 73 -1
5 91 17 33 24 58 16 18 87 70 57 61 4 -1
6 24 14 46 64 6 25 69 99 -1
7 100 26 1 77 27 51 31 60 96 97 57 80 33 86 39 58 50 98 78 -1
8 13 58 26 91 97 43 3 49 31 44 85 76 75 51 60 62 18 95 61 21 5 -1
9 91 97 89 27 94 18 28 3 50 35 42 62 7 19 43 100 56 61 2 1 29 12 -1
10 82 53 78 88 68 48 41 13 85 10 8 -1
11 83 23 90 99 52 57 32 3 29 4 35 56 1 71 98 54 74 60 40 55 6 73 77 30 43 5 19 78 49 -1
12 21 32 26 79 67 72 16 70 93 87 2 30 45 39 78 19 11 -1
13 26 12 43 67 11 71 19 48 88 36 85 76 70 2 23 8 18 72 34 41 84 65 -1
14 58 67 49 91 40 99 54 50 72 87 38 74 92 -1
15 3 45 69 24 43 6 58 57 54 80 12 31 83 91 68 60 63 36 8 76 -1
16 45 47 5 91 84 46 60 56 82 52 49 13 77 32 88 63 -1
17 69 50 66 59 68 83 19 31 53 84 88 25 78 86 73 33 43 90 30 47 42 -1
18 71 97 85 4 18 66 67 35 25 88 78 15 1 52 26 13 63 44 27 80 49 46 24 -1
19 92 11 37 83 8 72 40 5 21 57 85 -1
20 11 5 81 19 28 98 95 27 56 42 31 72 78 35 25 12 54 89 63 55 -1
21 73 44 63 67 45 84 65 26 9 14 36 46 82 76 57 27 2 52 33 98 64 39 3 -1
22 65 79 74 81 71 66 14 64 48 91 89 82 92 28 95 86 18 72 9 12 97 27 17 61 42 40 -1
23 59 96 47 16 5 -1
24 25 52 46 2 50 26 84 81 41 40 5 68 86 44 93 82 66 22 37 48 51 16 19 20 57 49 1 -1
25 41 70 19 52 37 17 86 -1
26 61 13 60 45 57 53 74 6 33 80 9 26 12 94 71 66 39 58 69 95 25 11 91 10 72 -1
27 88 84 97 99 37 50 15 69 76 21 51 85 17 20 53 44 34 35 82 -1
28 85 96 10 5 78 64 22 17 31 14 87 88 99 48 21 61 57 100 1 67 40 50 42 12 37 6 46 47 81 76 89 90 -1
29 79 54 70 34 87 38 98 97 89 44 16 4 31 25 69 51 86 11 23 15 55 7 2 88 21 -1
30 9 4 24 63 97 10 67 32 39 2 90 29 48 51 45 20 12 92 55 8 62 6 54 11 79 59 -1
31 25 67 59 60 45 24 29 94 31 12 83 41 -1
32 39 48 23 8 76 1 11 45 93 31 46 28 13 69 84 60 66 50 -1
33 38 76 34 45 6 61 44 54 31 65 -1
34 77 40 9 80 33 32 46 98 91 38 12 96 47 11 37 74 99 52 27 10 4 22 7 -1
35 98 87 31 16 47 22 -1
36 78 77 86 68 26 80 38 49 58 12 44 6 14 -1
37 90 46 10 99 26 27 82 83 80 29 75 20 84 24 97 11 74 47 44 -1
38 72 45 36 56 83 57 62 14 31 20 25 81 40 90 99 26 79 69 61 2 4 17 63 58 29 -1
39 24 71 68 78 84 35 64 82 86 56 22 44 34 52 13 45 5 48 74 77 39 55 4 46 80 -1
40 18 63 4 3 97 36 12 66 33 81 48 79 46 94 68 30 38 15 89 -1
41 82 30 58 99 47 75 32 16 90 80 45 86 19 74 25 40 10 84 95 41 9 53 21 49 85 6 67 -1
42 49 85 27 13 45 56 43 26 95 68 18 8 35 60 63 55 80 65 34 40 93 31 67 69 -1
43 21 99 96 73 25 38 14 -1
44 94 49 40 98 16 68 92 85 63 58 28 53 61 9 77 14 79 18 7 44 91 100 73 81 37 55 66 43 56 -1
45 66 15 30 82 12 26 7 16 39 35 62 91 88 47 58 64 81 9 51 13 87 -1
46 74 41 49 12 71 6 35 24 1 57 87 60 8 22 65 16 56 18 38 21 62 17 92 5 59 43 -1
47 12 45 82 99 75 46 34 26 40 81 61 62 98 50 24 18 66 93 38 2 92 39 -1
48 97 41 17 40 2 59 29 13 39 9 16 69 94 100 -1
49 77 31 49 15 8 68 71 35 56 84 66 63 18 1 73 -1
50 42 4 35 61 34 89 2 87 83 -1
51 52 62 44 4 12 84 98 73 33 25 22 74 6 55 80 76 35 85 46 54 45 81 96 99 72 -1
52 31 12 98 9 74 71 51 5 55 63 60 58 8 38 15 29 81 88 93 75 23 80 72 4 79 95 48 1 -1
53 76 1 34 89 73 64 11 42 5 49 77 -1
54 79 62 36 96 66 51 88 31 60 73 -1
55 81 80 73 24 84 43 26 2 87 59 72 64 39 100 96 28 23 94 83 42 9 76 1 8 -1
56 6 36 47 3 38 43 73 55 54 48 53 50 26 66 67 -1
57 1 47 76 14 56 94 11 32 98 59 51 100 73 18 27 5 13 25 91 72 34 46 -1
58 20 100 37 91 96 93 85 23 43 39 38 4 74 79 97 -1
59 11 12 72 84 9 43 61 18 -1
60 24 19 78 68 41 77 92 58 13 14 52 44 -1
-1
